    0.000     0.008     0.031     0.039     0.039     0.143     0.039     0.054     0.070     0.070     0.085     0.154     0.092     0.092     0.167     0.123     0.132     0.116     0.125     0.152     0.134     0.157 
    0.008     0.000     0.023     0.031     0.031     0.133     0.031     0.046     0.062     0.062     0.077     0.145     0.084     0.084     0.157     0.115     0.123     0.108     0.116     0.143     0.125     0.164 
    0.031     0.023     0.000     0.008     0.008     0.106     0.023     0.038     0.053     0.053     0.068     0.118     0.060     0.060     0.129     0.090     0.098     0.083     0.106     0.132     0.099     0.152 
    0.039     0.031     0.008     0.000     0.015     0.097     0.015     0.030     0.045     0.045     0.060     0.109     0.052     0.052     0.120     0.081     0.090     0.075     0.098     0.123     0.106     0.159 
    0.039     0.031     0.008     0.015     0.000     0.113     0.030     0.045     0.060     0.060     0.075     0.125     0.067     0.067     0.136     0.096     0.104     0.090     0.113     0.138     0.106     0.159 
    0.143     0.133     0.106     0.097     0.113     0.000     0.097     0.097     0.113     0.113     0.129     0.102     0.120     0.120     0.043     0.152     0.161     0.145     0.171     0.183     0.180     0.241 
    0.039     0.031     0.023     0.015     0.030     0.097     0.000     0.015     0.030     0.030     0.045     0.109     0.052     0.052     0.120     0.081     0.090     0.075     0.098     0.123     0.121     0.175 
    0.054     0.046     0.038     0.030     0.045     0.097     0.015     0.000     0.015     0.015     0.030     0.094     0.037     0.037     0.120     0.067     0.075     0.075     0.083     0.108     0.106     0.159 
    0.070     0.062     0.053     0.045     0.060     0.113     0.030     0.015     0.000     0.000     0.015     0.078     0.022     0.022     0.104     0.052     0.060     0.060     0.068     0.092     0.091     0.143 
    0.070     0.062     0.053     0.045     0.060     0.113     0.030     0.015     0.000     0.000     0.015     0.078     0.022     0.022     0.104     0.052     0.060     0.060     0.068     0.092     0.091     0.143 
    0.085     0.077     0.068     0.060     0.075     0.129     0.045     0.030     0.015     0.015     0.000     0.062     0.007     0.007     0.088     0.037     0.045     0.045     0.053     0.077     0.076     0.127 
    0.154     0.145     0.118     0.109     0.125     0.102     0.109     0.094     0.078     0.078     0.062     0.000     0.054     0.054     0.059     0.085     0.094     0.094     0.102     0.113     0.111     0.167 
    0.092     0.084     0.060     0.052     0.067     0.120     0.052     0.037     0.022     0.022     0.007     0.054     0.000     0.000     0.079     0.029     0.037     0.037     0.045     0.069     0.068     0.118 
    0.092     0.084     0.060     0.052     0.067     0.120     0.052     0.037     0.022     0.022     0.007     0.054     0.000     0.000     0.079     0.029     0.037     0.037     0.045     0.069     0.068     0.118 
    0.167     0.157     0.129     0.120     0.136     0.043     0.120     0.120     0.104     0.104     0.088     0.059     0.079     0.079     0.000     0.111     0.120     0.104     0.129     0.140     0.138     0.197 
    0.123     0.115     0.090     0.081     0.096     0.152     0.081     0.067     0.052     0.052     0.037     0.085     0.029     0.029     0.111     0.000     0.007     0.007     0.015     0.038     0.038     0.087 
    0.132     0.123     0.098     0.090     0.104     0.161     0.090     0.075     0.060     0.060     0.045     0.094     0.037     0.037     0.120     0.007     0.000     0.015     0.023     0.046     0.045     0.095 
    0.116     0.108     0.083     0.075     0.090     0.145     0.075     0.075     0.060     0.060     0.045     0.094     0.037     0.037     0.104     0.007     0.015     0.000     0.023     0.046     0.045     0.095 
    0.125     0.116     0.106     0.098     0.113     0.171     0.098     0.083     0.068     0.068     0.053     0.102     0.045     0.045     0.129     0.015     0.023     0.023     0.000     0.039     0.053     0.104 
    0.152     0.143     0.132     0.123     0.138     0.183     0.123     0.108     0.092     0.092     0.077     0.113     0.069     0.069     0.140     0.038     0.046     0.046     0.039     0.000     0.062     0.098 
    0.134     0.125     0.099     0.106     0.106     0.180     0.121     0.106     0.091     0.091     0.076     0.111     0.068     0.068     0.138     0.038     0.045     0.045     0.053     0.062     0.000     0.048 
    0.157     0.164     0.152     0.159     0.159     0.241     0.175     0.159     0.143     0.143     0.127     0.167     0.118     0.118     0.197     0.087     0.095     0.095     0.104     0.098     0.048     0.000 
